3.700999999999999845e-01
5.837400000000000366e-01
6.955599999999999561e-01
7.467799999999999994e-01
7.857800000000000340e-01
8.253800000000000026e-01
8.412399999999999878e-01
8.639000000000000012e-01
8.867399999999999727e-01
8.987199999999999633e-01
9.322399999999999576e-01
9.336200000000000054e-01
9.318800000000000416e-01
9.517999999999999794e-01
9.636599999999999611e-01
9.673399999999999777e-01
9.656000000000000139e-01
9.701600000000000223e-01
9.733399999999999830e-01
9.754000000000000448e-01
