6.226399999999999713e-01
7.563199999999999923e-01
7.853799999999999670e-01
8.386799999999999811e-01
8.550400000000000222e-01
8.851200000000000179e-01
9.173799999999999732e-01
9.498799999999999466e-01
9.636200000000000321e-01
9.562399999999999789e-01
9.732199999999999740e-01
9.476599999999999469e-01
9.537400000000000322e-01
9.785199999999999454e-01
9.741600000000000259e-01
9.834199999999999608e-01
9.777400000000000535e-01
9.909000000000000030e-01
9.744000000000000439e-01
9.757200000000000317e-01
