4.181799999999999962e-01
5.500199999999999534e-01
6.618399999999999839e-01
7.217000000000000082e-01
7.530999999999999917e-01
7.914999999999999813e-01
8.343399999999999705e-01
8.655000000000000471e-01
8.849799999999999889e-01
8.908599999999999852e-01
9.185799999999999521e-01
9.361800000000000122e-01
9.298399999999999999e-01
9.452599999999999891e-01
9.558400000000000230e-01
9.563399999999999679e-01
9.625000000000000222e-01
9.701199999999999823e-01
9.721199999999999841e-01
9.648400000000000309e-01
