1.378697147302310411e+00
8.719079857287199697e-01
6.678484371098716288e-01
5.362229737479363711e-01
4.370984671365879537e-01
3.510993585333495037e-01
2.775211856912468966e-01
2.157058410937219006e-01
1.709594884339500909e-01
1.346295702811854678e-01
1.087871227137115621e-01
9.201159298210345727e-02
8.359809550206603879e-02
6.659843963797172639e-02
5.964616118082324142e-02
5.756534534134923747e-02
5.758027808950342413e-02
4.743746153997195625e-02
4.431185310276563455e-02
4.558187292393325873e-02
