1.859095291408431549e+00
1.409460485438861488e+00
1.141547579899468312e+00
9.588763768715626856e-01
8.175485672243415491e-01
7.091829080106047956e-01
6.218878403496559404e-01
5.347205069668762301e-01
4.731483644308031589e-01
4.005554738785604418e-01
3.553974920755152422e-01
3.027390830428399182e-01
2.713252145158665529e-01
2.380263681340095694e-01
2.204399348648689028e-01
2.136847701142816081e-01
1.746982326040334987e-01
1.567867921184167290e-01
1.633622019415926219e-01
1.519155993848048114e-01
