1.840858788136630952e+00
1.396051500764344366e+00
1.044993321304126255e+00
8.555687961675931819e-01
7.228047798204300101e-01
6.254721052201507314e-01
5.406214023185202944e-01
4.664762834148943327e-01
4.072621018456680786e-01
3.486100693645379778e-01
3.019390253307264738e-01
2.551024032142156228e-01
2.317807909358493013e-01
1.964475698864368569e-01
1.697015828069518562e-01
1.569177199278951051e-01
1.423982742249660649e-01
1.224341295811983699e-01
1.097296046478973969e-01
9.989437383249440139e-02
